0.00
0.00
0.00
0.00
0.00
0.00
0.00
0.00
0.00
0.00
0.00
0.00
0.00
0.00
0.00
0.00
0.00
0.00
0.00
0.00
0.00
0.00
0.57
0.73
0.45
0.19
0.11
0.74
0.80
0.82
0.82
0.83
0.28
0.16
0.69
0.81
0.83
0.28
0.16
0.70
0.82
0.84
0.84
0.84
0.38
0.19
0.43
0.84
0.34
0.18
0.57
0.82
0.84
0.31
0.17
0.65
0.82
0.84
0.28
0.16
0.70
0.83
0.84
0.28
0.16
0.70
0.83
0.84
0.28
0.16
0.70
0.83
0.84
0.85
0.38
0.19
0.43
0.81
0.84
0.34
0.18
0.57
0.82
0.84
0.31
0.17
0.65
0.82
0.84
0.28
0.16
0.71
0.83
0.84
0.85
0.85
0.38
0.43
0.81
0.84
0.34
0.18
0.57
0.82
0.84
0.85
0.85
0.48
0.22
0.13
0.79
0.84
0.42
0.20
0.13
0.79
0.84
0.85
0.85
0.85
0.29
0.16
0.83
0.84
0.29
0.16
0.70
0.83
0.84
0.85
0.85
0.38
0.19
0.43
0.81
0.84
0.34
0.18
0.57
0.82
0.84
0.31
0.17
0.65
0.82
0.84
0.85
0.85
0.42
0.21
0.79
0.84
0.42
0.20
0.13
0.79
0.84
0.42
0.20
0.13
0.79
0.84
0.85
0.85
0.85
0.29
0.16
0.71
0.83
0.84
0.29
0.16
0.70
0.83
0.84
0.29
0.70
0.83
0.84
0.85
0.85
0.38
0.19
0.43
0.81
0.84
0.34
0.18
0.57
0.82
0.84
0.31
0.17
0.65
0.82
0.84
0.85
0.85
0.42
0.13
0.79
0.84
0.42
0.20
0.13
0.79
0.84
0.85
0.85
0.85
0.29
0.16
0.71
0.83
0.84
0.29
0.16
0.70
0.83
0.84
0.29
0.16
0.70
0.83
0.84
0.29
0.16
0.83
0.84
0.28
0.16
0.70
0.83
0.84
0.85
0.85
0.38
0.19
0.42
0.81
0.84
0.85
0.85
0.55
0.23
0.14
0.78
0.84
0.47
0.22
0.13
0.84
0.85
0.85
0.85
0.29
0.16
0.71
0.83
0.84
0.29
0.16
0.70
0.83
0.84
0.29
0.16
0.70
0.83
0.84
0.29
0.16
0.70
0.83
0.84
0.28
0.16
0.70
0.84
0.28
0.16
0.70
0.83
0.84
0.85
0.85
0.38
0.19
0.12
0.08
0.06
0.05
0.04
0.03
0.02
0.02
0.01
0.01
0.01
0.01
0.00
0.00
0.00
0.00
0.00
0.00
0.00
0.00
0.00
0.00
0.00
0.00
0.00
0.00
0.00
0.00